6466
990
10844
5527
10695
21917
25048
23327
6098
8403
24437
4561
29912
584
23461
6866
19690
13173
26188
17294
3812
30268
19480
12040
31
26839
32169
26990
8668
22031
28406
23025
13661
21934
1516
1748
16296
20790
23640
24514
31369
16595
22790
612
22230
13455
25642
11571
29686
32197
15104
21643
12452
3288
9904
3585
14577
22308
6772
17911
13704
22837
31996
29550
54
2359
8466
15899
426
19886
12666
19132
7289
19560
5148
8620
18789
9647
2149
25525
18654
28611
1258
16678
3529
1671
6222
26406
17793
890
20838
22344
8475
29161
29340
23904
17391
4963
29841
6036
31571
18542
7175
17590
9130
29048
9981
19665
24222
23568
21787
14337
32361
4182
20305
1928
19418
4784
12988
9503
1494
28095
17097
23690
18205
6290
1692
4975
11662
3353
21939
13160
27694
8924
6086
31319
10789
492
15346
9466
21257
16922
11031
10175
15455
2664
14719
27097
17503
17597
23488
13971
19960
14813
8931
22756
15892
10647
17349
5444
24093
13121
11710
30143
18368
8801
29825
7240
15857
29613
4419
3919
5935
9782
16160
13462
7433
11488
30394
28224
1249
5141
19747
3627
26096
12218
14845
4991
20618
25954
2271
26247
27299
26306
31227
1728
13715
28774
22014
24368
24854
24738
31032
13561
20375
15050
6653
25646
12206
27301
20043
24293
20199
23584
5292
8846
2501
15168
25694
6019
32006
28762
2226
3808
23593
11398
19378
21140
4398
6737
13318
31672
2461
1714
23065
800
21705
5696
6263
16432
30550
23201
7034
18929
6137
23622
5157
28260
27007
27733
4688
13335
30225
21223
18949
6645
12214
11636
18475
2402
27161
4491
23137
11912
8589
18375
11821
10987
13134
13054
27478
22084
27401
14267
19854
396
2463
14319
340
28759
10535
30435
18457
31843
8754
31089
10146
6001
22098
13940
10413
8019
989
11133
26839
14407
1774
10696
957
8579
11181
28526
5986
14353
30160
24795
26577
7133
354
30339
26115
11021
24771
13009
7682
18320
7153
13408
20559
6906
13573
14446
14977
19599
22017
8590
21296
23965
3016
22172
32017
8208
12910
3574
30050
31552
30386
22761
393
29453
4297
874
8184
9518
7262
7175
16467
12486
12758
14365
18133
15416
9432
18506
24304
3389
3085
4389
24883
26420
30244
7213
20593
9145
28698
13568
12832
14712
16568
18126
17919
9539
32093
11788
24828
26979
23549
21101
28500
5932
26218
7438
25084
5845
29394
7920
2880
8582
1417
31660
11946
8625
9
27746
18469
28070
16696
28403
20066
4194
6889
30064
29819
5288
16548
10706
11990
1620
5034
6635
32425
7659
28724
24476
19595
19062
24572
6473
18617
3473
22014
18058
11099
23999
22400
23843
17012
768
13904
10807
7921
8614
16461
21432
24644
26468
2088
3618
25424
3752
11116
23145
22661
11306
14780
24623
1356
31429
8540
14395
13477
6535
17652
15143
6926
28676
7824
10328
12712
11503
5098
14644
19605
4843
24556
29838
28836
1950
13681
22117
11312
6407
32588
8143
30533
27922
24971
25392
24325
20330
24573
8367
74
20879
19953
1771
5517
12584
27457
11241
7175
30874
21135
21074
21525
3545
7375
3803
8417
9087
24069
25092
2879
16411
24400
6661
27605
20427
14888
4357
127
29709
14564
7054
28914
1490
8319
15166
1695
32212
18331
27071
7130
14122
7878
4089
1595
16409
3581
32133
68
11566
19310
29797
22085
8841
3970
7411
23165
1916
18971
30232
25730
6229
15643
5566
24547
19063
8229
19848
11787
14000
12711
1984
24424
32198
22808
28817
1997
23379
15998
16246
12821
23251
31540
13554
14090
25340
18410
8322
31621
2894
19437
720
22998
28650
29097
8233
14949
30631
25708
5937
8090
16483
7020
20437
10491
9623
5644
22146
20884
5422
11611
30612
28060
9880
7901
12050
11093
10266
13455
16536
6964
5736
11813
2964
834
12917
20374
28597
450
10634
14554
21921
17172
918
27378
12263
20185
19397
7722
2100
12376
10067
19867
27849
32289
20131
7155
21036
1263
7307
30073
15646
6611
10226
4939
18638
22415
7070
17386
23884
19264
16455
7417
10816
21569
27888
31298
14812
15179
20855
28154
12303
17633
20330
1606
2556
17131
21788
3070
29098
27041
28408
7856
31229
27562
790
20968
22245
8581
27404
12206
26069
16425
24583
17489
6775
25320
27930
5987
9118
27801
23509
13829
23676
1014
20250
12901
24085
12099
44
15492
17651
21297
21001
14397
32539
6401
12026
29827
13889
32589
25704
26602
10808
7619
28913
5736
4012
21203
30907
1117
18195
29963
21512
23250
32737
13921
27659
8446
7163
19057
23035
12047
26479
3943
31845
15911
30818
15904
30406
14756
19274
25996
20313
13732
28509
13655
7982
11976
22344
23496
2172
30521
8741
31465
26424
29929
28839
30952
28646
5404
6808
12221
12464
6438
22662
16397
10421
8310
13753
2894
27043
5075
24168
6445
30600
21990
7724
27692
23269
23801
8884
2448
6405
6654
22203
14458
1676
20691
26935
15444
10323
17860
21715
3694
5747
25682
31648
23273
5536
17202
11015
17621
23225
10649
7171
13718
11420
31159
17293
15244
22591
9345
1879
15347
11005
2740
10940
31751
26413
28439
2039
17772
26361
24064
27028
10702
24942
11801
6181
10693
1487
32356
28726
17147
24879
21885
5251
10640
16958
17952
4200
12477
3940
15594
32408
9912
17164
23396
2066
10200
579
1085
20305
11514
385
31959
7107
22819
11206
18438
22909
19047
16361
7700
16685
29193
22573
9736
15440
14307
4118
21543
22949
27912
15483
4540
26081
20905
27099
4629
31908
12853
5365
30926
9644
24516
20882
13650
21065
1974
21414
14238
20240
11927
3735
25160
32212
21062
24285
24000
27602
30551
29131
12503
6188
9653
24492
17021
32409
6284
11282
10447
14938
9574
8299
26961
21872
7828
13525
3703
6156
13519
31540
13931
27719
7199
16513
32522
10771
30716
22629
29487
24433
21171
18182
23861
26853
9228
15649
8887
28199
11050
6745
3482
5916
8114
27086
9806
3332
32304
3314
848
7157
29622
2200
12788
2184
11462
10318
7265
28114
2929
27629
4317
14230
2241
29550
20043
3256
17749
23807
14833
15861
3403
18774
8831
3282
21347
31302
13389
24274
26464
16272
741
12524
27570
9723
19393
24380
20051
7335
22102
5369
18671
1182
5457
30887
11335
24236
27936
26766
31447
2929
17332
23402
5814
20916
15749
14692
1727
7930
19415
16705
5870
13911
28732
19930
22540
16773
22875
4044
17039
30771
15599
3952
188
20895
4883
2830
9230
29799
5820
1357
18907
22685
12167
6126
29493
20505
10421
24250
5135
26899
22899
3769
7584
24305
8799
3493
2061
3421
25673
7582
8002
6555
21558
28959
5920
17945
20651
15153
10974
9288
7208
4063
19369
6315
8434
10473
8846
25902
8725
25277
27034
11704
32170
1442
24640
11011
25686
12087
24314
32684
10771
28700
20019
25478
5171
29167
1125
6452
18594
14714
20351
25079
17003
22826
11657
25540
28541
10179
30858
13722
23472
20307
2474
1554
3331
18533
6036
4152
29991
5494
21534
21145
7234
21165
3372
15517
26861
28102
21713
17943
10622
6736
29880
9499
17037
22040
12483
5648
9905
4581
7409
27141
31627
21093
2693
20297
4102
23912
20581
2101
2012
18252
29376
1101
24669
29880
28147
3976
12908
25742
10414
3051
21962
22042
20818
26972
18839
8080
10910
20406
1557
18613
2955
12057
7088
15836
5748
10884
17211
12052
27514
4261
17277
28576
23079
22255
20460
27047
22098
19182
17592
31277
13378
28119
25611
18754
28694
11876
30864
29305
1123
29918
306
4508
5152
13691
18982
1950
27583
31979
5931
3025
7581
11054
17168
23897
15772
20648
30839
10465
14
24951
26586
30349
16342
13060
7883
13359
12233
30680
25728
12221
15195
11698
16270
5635
23159
12758
2293
18837
23726
28583
12381
9736
28564
23928
5535
865
25703
15264
7047
3534
30962
18892
22489
17812
10161
26266
1169
15177
17206
19811
5743
23619
24779
26199
7347
25424
22105
23760
20006
16807
20361
28640
26457
5151
15912
12588
15921
30879
10704
9726
11939
22486
8901
32405
17597
30508
23581
22464
18406
26360
12580
15019
2918
8435
6654
20216
10281
27373
21390
29457
959
20926
16023
11965
18600
20608
14881
13298
13263
30715
32031
25067
23380
10849
13134
32377
21134
16188
24928
6558
20305
9124
21594
20312
13420
19125
8251
23483
9590
576
29150
13634
1995
32705
14369
8551
5329
14737
26695
30577
24960
24669
24987
1422
32545
3287
13398
19489
6485
30123
20419
861
13658
16821
23457
7955
30346
19057
16585
17608
3108
25267
9489
26635
11343
30104
24175
262
16476
4540
8546
4434
9804
13485
28301
27408
11154
27296
933
28213
9498
5731
21390
12325
18569
30099
18881
16772
10951
13583
23793
1608
1979
10668
13550
21523
14165
299
26569
19137
29650
32616
4665
6972
21819
7123
20285
12440
9775
4900
21251
28508
30179
16715
11529
32541
2919
22438
30082
21074
7723
17271
27131
24675
30657
22677
15678
17923
25316
5218
7799
16320
3002
3324
15253
13016
13654
24760
17139
14415
26753
14796
10296
24126
32698
14923
12412
4974
13435
25687
2476
28965
4542
21138
28975
22336
28608
21717
11721
3714
23813
17701
24768
25900
6300
10466
29246
31182
420
29250
7415
10332
8207
30206
23819
19844
10918
26955
17966
21567
11853
31756
1286
16807
14985
25414
4052
13064
14143
26580
19031
569
18367
19804
8430
1069
24320
9601
24316
5573
26925
25434
17552
27368
11873
17187
8006
21462
21168
23091
27240
27833
5990
25390
14937
27518
16787
6780
30516
32738
18887
16122
10928
31184
14618
2799
25927
10730
22383
14657
32407
12390
3834
27369
13576
11803
10496
164
28847
3035
18398
15595
11634
19460
16973
16934
20589
6738
17380
16669
27797
3575
22239
27567
15003
20974
15134
32710
18452
10124
11889
32394
8662
30552
2578
25557
32165
25628
22899
29159
9999
5180
20026
25948
13204
9543
13706
9563
16906
32204
21125
17423
18752
29039
16911
25435
14818
27451
19412
20937
30620
4666
17548
29636
28034
7235
25982
19720
16816
17172
15682
15958
27693
4001
7628
19308
13590
28587
11174
32052
24056
18835
29309
13372
31357
625
8927
32614
15435
10849
23875
19169
13865
17181
11850
31575
23139
21713
8260
18792
14448
17706
1526
29016
15827
9392
25243
2820
32319
26199
4904
7707
18174
13648
7380
18058
404
23845
17624
32056
10655
30725
21875
22772
23041
22365
13362
23468
13633
23208
11630
8159
11567
10375
6422
31316
28103
32276
15535
25613
28504
2163
3736
16503
29670
31915
16019
21475
29644
25012
10113
32313
15781
16594
3693
3563
19821
12321
21196
16169
7908
27504
29699
15188
32563
28498
4138
11444
8658
19059
16400
14957
31913
6441
29823
175
12150
24395
14529
22830
31342
13382
32354
2002
2087
30061
22072
8111
3765
29329
15009
13367
3092
18642
20236
10926
8646
24500
14523
16351
21436
15478
29895
5646
11898
8095
20324
24365
6263
8409
24678
30547
21186
15618
12548
873
27883
2689
28380
26663
12321
2006
20536
11583
17816
14453
3472
8407
7214
981
5200
20285
20813
2756
22234
8918
8467
26365
24015
16472
8624
2300
32395
29497
19984
10257
23278
15976
9147
30900
3682
25914
22521
7448
11289
167
26681
1027
29335
29878
2483
10716
22641
23094
15437
28678
22100
12463
1211
32364
4680
27800
4587
25437
20534
13770
20896
26011
19368
27189
14429
15534
24273
14546
16516
9086
6861
26840
25791
31009
13610
8499
6559
25586
28326
17458
2691
10979
22330
13184
7612
14612
4952
4181
1006
32676
1650
19437
22201
10695
1723
7226
2713
22296
32305
10454
14347
20529
7387
1083
32748
27001
79
17718
3896
2110
29816
21657
1464
32260
12694
17201
17500
11804
15238
15351
26242
12664
17988
26250
27301
27837
17326
19933
20025
19610
32395
7981
8406
7257
26315
21815
21145
10931
29456
9127
16840
12521
15214
14035
19380
12304
12655
7081
25828
14508
6491
25574
31855
20609
10422
23178
11946
27302
28169
23688
2819
9691
26086
10689
28973
17692
24870
16947
18814
5751
8309
9070
7317
15386
18705
31304
20031
2992
5838
7378
32668
30702
28510
24715
23677
14440
15055
8403
22545
9130
9557
2466
7361
28548
11850
31353
13144
19365
10355
5529
9575
2667
3973
20340
7912
19450
22247
4705
21281
24460
5562
19091
10443
20232
13335
28236
29044
18645
32151
22094
12322
23536
15641
31379
13113
14908
17855
26429
1438
29978
3386
32208
31517
26682
15176
22175
23560
18097
21114
22148
29729
32331
22075
19668
2234
25890
4622
11666
31259
25967
26135
15331
5156
7073
15581
14530
21044
6828
3662
27125
6729
19108
5124
3392
13160
5514
4806
3032
31551
22118
23890
538
7945
16021
29785
28541
23474
9573
26572
8902
2363
30175
23894
13947
30049
12004
24618
12697
20857
10620
24062
8329
14239
6506
30039
14929
2831
31748
30984
26120
14291
26945
19701
13452
5535
31508
29
8823
29177
16120
18392
13902
1436
26060
16476
20220
22815
9698
5766
13951
23762
851
32472
19682
14313
29333
7614
24427
4828
2383
17685
21
24845
12651
10989
28992
28076
4717
32142
31144
12247
9476
30906
13460
10758
9439
24626
12880
22695
21698
892
31964
29701
18649
12002
21734
2414
11084
11710
15094
12181
12051
16885
6377
23093
9484
13506
8096
4343
26443
25781
11513
3478
3761
29947
19966
1345
9920
479
12637
8513
21421
32401
7705
27355
7863
8230
17022
11896
23736
31201
28506
6659
25338
11953
4970
6803
32331
23546
2835
15690
24660
8600
6226
6013
30502
27426
5878
31252
25366
24171
16653
29748
32459
4943
6044
26908
11669
30892
17299
15693
25600
2734
767
24302
7850
15952
30338
11630
15185
17951
25344
1131
26672
5185
15260
28115
7564
15799
2019
16201
21898
8927
31302
9930
30275
317
19150
27280
8730
21114
10763
24630
25166
7341
24654
24350
24523
6106
27928
12816
7750
19640
15057
19491
28040
4280
15037
17633
1290
834
32045
24486
32195
28738
6642
8777
7742
15331
32023
16126
11503
15258
27600
21883
15559
8295
21933
20314
10246
22104
17939
23487
11601
32078
2541
20026
25348
24323
23967
25839
29897
1612
14139
14836
24426
23452
248
25594
7907
27338
22496
2608
700
13844
8904
28516
7317
14947
5509
14443
32003
2257
29789
29124
12954
6504
11196
6264
16203
15148
4136
10820
30705
17756
23159
250
550
28150
13376
32037
25691
27001
26767
17388
23592
14318
3293
5177
28384
17193
13887
30490
26729
12877
3805
20327
15434
5774
24486
3237
32006
21819
25154
1322
23977
29435
28488
15234
29088
9303
23730
4882
7885
18296
8334
14331
30171
11058
3062
15937
25807
18242
12865
15405
30688
18900
20603
25583
7305
7753
18707
24712
6876
20790
2004
31207
14617
30128
25110
17490
15743
28615
18230
24328
16994
18512
21827
1573
4222
28136
9722
31685
29579
1845
26613
3180
15634
14959
6175
12966
27006
3615
28523
7658
7030
18215
22726
8388
24938
26627
842
18996
31084
13646
25780
11857
1858
25480
16408
8753
28857
21014
1235
28429
21564
30602
6594
16545
19876
25381
26801
21202
32082
30618
15894
8851
1403
17173
20736
9737
29124
6268
1866
20461
15631
19957
18964
25139
27028
17576
32371
21481
24371
7622
30312
20065
1032
16586
28175
1426
17217
5887
26905
28604
30252
8258
1148
8267
25492
17673
4201
18942
18766
2468
1663
11336
9231
1731
12350
28663
10625
19257
4542
14099
10389
2815
27809
25609
17434
16252
28486
23560
15247
7427
25663
18604
13877
414
30214
7386
17513
16650
23275
24811
2865
29186
32081
2572
19989
8385
29722
24804
19248
2754
24416
15224
7558
18378
32102
3660
6552
1064
3022
6347
22582
12347
18700
12521
25493
18742
10778
29191
15009
7968
6253
21271
7828
15391
19497
26624
24264
20725
5777
21060
5833
19147
12481
9440
4783
30254
25247
16244
19883
21335
5647
25763
16095
32687
10854
4029
26739
22674
7202
19867
23781
15187
21720
7371
11936
1665
14189
6382
32209
16489
15497
30045
6262
1756
13129
2835
24759
11315
31284
32199
28026
9615
17521
15448
6450
11878
16183
24686
29431
17723
11140
12639
17884
26028
16402
20047
10877
9138
26503
17308
22231
3109
12011
3961
8285
28286
30816
23000
25672
29665
17933
25486
18990
10075
12636
28849
5334
21352
25189
12869
30027
22712
7082
29464
5167
25138
11780
3051
17746
6714
26845
25298
6531
17711
23200
31198
17062
25912
30062
20728
32263
19265
27667
7952
30958
14656
23352
9848
25460
31165
4825
10378
9620
4241
5114
15505
27269
26862
5782
3559
30279
9375
11225
17754
31101
28817
20623
8660
22394
659
987
1084
4766
9306
13868
29335
21219
28616
9325
22131
15027
8302
29564
31365
32253
7759
8158
2961
28551
9702
5553
8330
30854
12651
1249
3579
11884
1875
17823
2213
31489
4630
24847
23401
2741
25908
4673
13417
30004
4986
21347
19819
21564
14977
19253
29566
15531
26489
11965
12767
19933
14628
27451
9245
19252
25381
11359
13180
29688
30331
4794
17303
3426
4937
11891
4682
21235
26584
4667
20175
16650
8414
4738
11303
28086
12033
1259
29372
25545
1431
5118
21828
13358
14000
31518
3304
12668
4182
16058
166
2506
7955
13511
31732
12998
14772
29037
14502
23553
31309
27648
16401
23437
18557
28723
26481
18634
22771
12168
27528
14717
17969
1803
28552
21794
9872
19776
25395
12932
17285
15450
5185
13194
22050
19629
28418
21332
27872
4966
12868
6790
24219
31098
6775
11748
28382
24284
18447
11040
1889
32243
25898
18415
10960
9035
20083
26466
1230
3467
17222
6516
15162
2471
24853
14560
25777
8022
28170
6965
18516
25031
14061
1835
19147
14479
1097
25912
11402
13543
27338
24159
32082
18196
31466
23881
26875
26662
5068
9622
16754
3045
23912
30069
27134
28425
11753
25970
1991
5545
24147
31376
7064
3574
21097
7832
26852
19241
14286
29360
19975
11450
16490
12335
29135
1491
23567
2992
27195
14596
13661
20070
16514
15416
30179
6575
30295
6376
5510
2283
28780
15502
14631
9614
27189
11613
25728
24948
22254
30511
847
2933
21471
25791
3511
29242
4063
22808
19427
10574
19479
23885
31980
9336
23048
13931
25853
7497
15056
6060
1717
30449
17320
17645
3020
5207
27570
14690
8442
21608
9970
9865
18708
10414
29337
24412
27513
31269
30346
971
8620
20555
24599
105
2114
28279
23051
13926
5887
23403
17902
24509
17468
1836
6788
942
30603
786
2967
3951
3998
27
24310
26399
32613
1924
4798
763
18039
8603
14552
27860
18611
24271
11203
12737
18727
30473
148
7185
3121
29503
23099
18819
25827
5446
519
29114
12716
29159
26989
28907
3125
28982
30981
27353
12426
10527
20693
6659
24442
17986
24018
7963
16448
30465
26788
25787
1379
3286
426
27476
22746
18410
28222
4455
21364
228
31546
11255
887
9471
22714
830
18055
14432
25380
1951
31434
21158
32102
21212
19274
18882
24703
18825
7067
32521
1089
28864
22205
32754
